size 16

1 1 1 1 2 2 2 2 3 3 3 3 4 4 4 4
1 1 1 1 2 2 2 2 3 3 3 3 4 4 4 4
1 1 1 1 2 2 2 2 3 3 3 3 4 4 4 4
1 1 1 1 2 2 2 2 3 3 3 3 4 4 4 4
5 5 5 5 6 6 6 6 7 7 7 7 8 8 8 8
5 5 5 5 6 6 6 6 7 7 7 7 8 8 8 8
5 5 5 5 6 6 6 6 7 7 7 7 8 8 8 8
5 5 5 5 6 6 6 6 7 7 7 7 8 8 8 8
9 9 9 9 10 10 10 10 11 11 11 11 12 12 12 12
9 9 9 9 10 10 10 10 11 11 11 11 12 12 12 12
9 9 9 9 10 10 10 10 11 11 11 11 12 12 12 12
9 9 9 9 10 10 10 10 11 11 11 11 12 12 12 12
13 13 13 13 14 14 14 14 15 15 15 15 16 16 16 16
13 13 13 13 14 14 14 14 15 15 15 15 16 16 16 16
13 13 13 13 14 14 14 14 15 15 15 15 16 16 16 16
13 13 13 13 14 14 14 14 15 15 15 15 16 16 16 16

0 0 <
1 0 >
2 0 >
3 0 <
4 0 <
6 0 <
7 0 >
8 0 >
10 0 >
11 0 >
12 0 <
20 0 >
